0 0.097987 0.122233 0.177181 0.119346
0 0.297315 0.282002 0.138255 0.113571
0 0.705369 0.141001 0.154362 0.070260
0 0.893960 0.130895 0.150336 0.096246
0 0.912752 0.740616 0.153020 0.122233
0 0.904027 0.892685 0.157047 0.097209
0 0.705369 0.899904 0.170470 0.096246
0 0.508725 0.899423 0.155705 0.108758
0 0.301342 0.896054 0.159732 0.111646
0 0.106040 0.897498 0.153020 0.110683
0 0.112081 0.746391 0.146309 0.110683
0 0.300671 0.746872 0.161074 0.109721
0 0.506040 0.748316 0.158389 0.108758
0 0.710738 0.743503 0.154362 0.110683
