1504
636 101 5,9
540 96 6,3
576 95 6,4
480 104 7,5
396 82 5,4
660 95 5,4
516 98 7,8
408 91 8,6
504 101 7,3
36 61 55,6
72 64 85,6
48 72 44,1
72 67 54,4
120 105 31,9
24 137 181
180 94 19,6
0 0 0
120 65 24,4
108 69 36,4
24 71 252,2
24 49 276,8
336 102 10,6
96 132 35,1
300 101 12
72 136 35,6
24 49 164,4
60 62 88,1
12 55 8,1
24 47 286,4
24 51 146,6
204 90 17
24 112 265,3
144 96 24,2
24 115 307,2
24 49 67,5
36 41 128,8
12 54 290,4
108 67 30,8
108 63 34
24 66 118,3
84 59 35
276 96 12,4
24 130 160,4
24 56 167,1
12 57 257,6
48 63 70,4
24 59 92,9
12 19 929
12 62 692,9
24 47 538,1
132 59 31,5
120 57 34,8
36 53 79,4
36 54 116,1
12 50 999,9
24 49 999,9
180 118 21,8
204 115 17,7
84 77 42,8
36 70 33,7
12 64 269
12 68 393,2
108 40 32,8
72 44 27,9
24 55 144,6
12 52 230,5
48 49 93,8
84 53 40,4
276 96 15,4
48 126 105,4
276 94 13,4
72 133 78,5
12 54 99,2
72 60 50
228 111 13,3
0 0 0
228 112 17,2
96 133 48,2
72 78 51,1
24 48 118,1
60 56 73,4
240 54 15,5
180 52 23,9
84 50 36,1
120 50 27,9
120 52 33,7
96 54 34,1
60 53 50,7
60 52 56,3
12 59 274,3
24 70 209,3
24 55 227,1
48 70 84,3
108 67 40,8
24 59 432,8
60 59 37,2
72 75 47,9
24 71 134,1
24 63 384
24 52 153,5
24 54 220,4
180 42 13,5
192 47 14,1
144 50 25,4
120 43 27,5
36 71 50,8
120 70 36
168 76 17,5
180 69 20,3
168 109 20,6
36 149 101,9
252 109 13,4
108 111 22,7
204 105 17,4
36 143 86,9
264 94 13,2
36 125 194
24 63 152,3
48 56 141
60 62 85,9
108 52 34,5
132 50 27,3
72 51 48,3
108 50 84,6
108 100 34,9
12 147 617
168 106 20,5
36 97 105,7
24 65 161,4
60 64 52,7
168 95 23,1
12 91 646,9
156 98 22,9
36 122 133,8
96 68 30,6
192 74 25,5
24 66 221,1
36 71 76,1
84 62 44,8
36 76 117,3
12 59 578
192 104 15,2
36 130 59,7
240 117 14,6
12 157 325,1
144 52 25
60 54 71,3
48 50 73,7
84 56 45,7
60 73 30
84 69 39,3
12 42 242,9
96 50 35,3
12 65 180,1
48 57 56,3
72 60 56
12 70 368,9
24 50 80,7
156 84 24,2
48 58 51
72 88 41
48 78 86,1
12 64 183,5
48 55 68,1
24 68 122,2
12 75 108,4
24 65 168,8
12 65 755,1
36 59 161,7
48 51 120,9
12 64 175,4
156 93 22,9
36 116 98,4
192 98 19,7
12 139 181,7
192 91 16,1
12 128 302,7
96 102 39,7
12 133 654,5
12 51 334,7
24 50 587,8
48 55 104,9
108 51 36,2
96 51 26,6
108 53 36,3
36 96 117,4
12 65 128,1
72 60 96,3
48 64 140,2
120 101 23,5
36 135 135,3
24 61 179,4
36 88 178
144 70 23,1
228 69 15,2
252 105 14
36 123 144,8
228 94 14,3
60 134 99,8
48 62 393,3
96 54 41
84 51 50,1
348 107 10,2
180 135 22,9
372 96 10,5
168 128 20,3
96 75 47,6
120 70 45,4
168 98 22,1
24 154 169,5
240 102 16,2
36 140 79,6
12 57 428,9
48 51 120,4
12 64 64,3
24 66 338,2
12 39 999,9
168 99 18,1
12 131 276,9
12 51 59,8
48 51 86
132 48 22,1
60 50 38,2
24 68 156,9
36 67 43,2
60 120 54,5
0 0 0
228 94 14,4
24 109 198
24 57 100,2
12 32 94,2
12 78 252,9
60 71 78,5
84 77 26,7
96 74 29,2
84 52 36,5
84 50 51,4
36 58 118,4
36 49 238,1
12 54 198,2
24 51 363,9
36 47 97,9
24 59 409,3
324 98 10,7
48 117 77,3
264 100 13,3
0 0 0
36 47 83,6
12 43 180,8
96 54 46,3
60 53 91,4
24 27 58,7
36 57 81
36 67 75,7
48 76 71,1
60 45 59,4
36 56 93,7
36 52 90,5
36 51 126
144 40 24,9
96 43 36,3
48 68 71,4
36 73 82,1
84 73 52,1
24 49 447,2
24 49 150,1
24 54 253,5
12 53 313,5
24 68 48,8
48 57 85,4
12 57 314,4
36 60 234,5
216 81 15,5
108 98 31,6
372 98 9,9
84 127 44,9
348 95 10,1
96 127 36,3
12 47 281,6
372 102 10
96 129 30,6
252 104 15,4
48 141 100,7
60 68 96,1
60 75 110,6
84 53 41,8
24 49 81,2
48 60 119
60 80 39,8
12 64 667,5
60 48 61,2
36 57 136,9
132 51 28,3
48 59 94,6
36 56 86,8
24 87 184,7
60 57 117,4
48 57 88,5
24 51 102,3
48 84 74,1
60 70 154,7
24 53 173
96 67 53
36 81 68,6
96 63 36,3
72 55 57,5
24 58 189,3
432 95 8,7
72 122 50,7
264 90 12,9
36 109 85,7
12 79 488,5
24 58 239,8
60 112 62,5
12 116 1164,2
36 68 84,9
84 68 53,4
24 64 241,8
24 63 124,9
36 81 157,5
12 69 200,7
324 99 11,7
96 118 42,7
384 101 9,1
72 130 43,1
120 51 30,3
84 50 43,3
24 54 294,3
36 59 38,4
12 42 213,7
84 50 46,2
96 55 39,8
24 75 239,9
12 40 846,8
48 44 54
12 40 298,9
96 53 30,6
60 56 60,1
24 56 266,5
12 55 296,1
72 56 49,7
120 51 32,3
96 84 41,1
60 74 84,9
312 100 11,3
24 146 31,3
120 61 27,5
120 65 34,2
24 54 690,1
72 50 55,5
72 52 56,1
12 44 265,7
156 66 29,9
120 64 41,2
108 96 42,6
96 92 39,2
24 68 426,5
12 71 274,7
36 78 116,4
48 55 141,2
48 57 83,1
12 71 271,1
36 50 207,4
24 48 337,1
120 53 29,4
144 51 22,9
252 67 13,7
108 66 32
72 71 49,3
72 58 50,8
144 55 22,9
240 54 14,9
108 54 37,2
288 60 12,4
168 101 20,8
36 146 153,4
228 119 15,7
12 141 228,1
12 51 152,6
24 46 105,8
96 45 40,3
60 47 43,3
96 68 33,4
108 63 30,7
24 54 121,1
72 67 42,5
12 69 291
36 67 86,8
240 103 15,8
60 131 48,3
24 56 215,2
12 62 609,4
24 73 572,9
36 63 161,9
48 59 86,2
12 60 608,9
12 68 999,9
12 58 184,6
24 64 436,8
132 128 27,5
372 101 9,5
312 103 11
24 139 44,9
132 69 30,8
60 57 89,8
24 64 131,1
24 56 176,5
84 48 41,4
48 59 91,6
36 58 176,2
48 52 93,8
24 66 319,7
168 89 20,5
24 136 297,2
156 89 22,4
24 136 138,9
96 50 49,1
96 46 40,8
48 45 107,3
36 47 69,1
24 55 42,6
204 96 18,6
36 123 112
144 92 24,9
0 0 0
96 86 36,7
72 68 48,2
36 54 81,7
84 47 44,6
132 60 33,3
276 60 12,5
252 52 13
300 59 10,9
120 114 27
168 134 24,7
72 86 21,8
216 118 14,6
204 52 18,4
84 69 49,9
192 68 17,5
180 83 20,5
192 120 21
60 81 26,3
408 99 9,2
132 116 26,3
420 71 8,5
36 82 70,8
120 54 29,3
96 63 27,7
24 64 73,2
24 63 92,5
12 64 106,9
48 65 89,7
24 58 218,6
24 59 172,9
24 45 220,1
24 44 93,8
252 112 14
36 120 66,1
96 56 55,4
36 50 79
24 96 122,8
36 60 128,9
48 62 80,4
60 68 93,5
12 54 175,8
36 67 65,9
24 45 55,6
120 69 23,2
120 64 30,7
36 54 104
48 61 46,1
60 70 59,8
24 67 198,8
72 49 48,8
144 44 25,4
192 104 15,1
108 144 30,9
276 114 11,5
84 143 44,1
156 108 22,4
0 0 0
228 92 14,3
12 136 354,9
24 52 77,5
12 55 77,7
48 66 91
24 84 135,1
12 50 685,3
12 43 849,9
12 67 359,8
12 71 377,2
24 53 259,9
36 66 132,1
72 61 51,9
60 57 65,7
348 91 11,9
96 121 39,4
300 92 11,9
36 112 62
36 78 123,6
36 74 91,4
24 63 323,3
24 55 155
24 68 107,6
12 58 408,1
132 57 27,5
108 59 24,8
156 62 21,2
180 64 19,9
144 62 23,8
84 75 44,3
72 66 43,2
24 55 21,1
240 89 13,2
72 114 66,2
312 91 11
24 106 209,5
60 47 90,4
60 65 47,3
36 68 51,2
12 52 179,6
96 83 30,6
48 71 90,1
96 67 38,6
108 60 36,5
24 48 118
132 79 33,8
204 83 17,4
84 65 52,4
48 78 62
108 50 28,6
240 48 15,8
48 59 92,9
168 57 21,7
72 71 63,8
72 78 52,9
12 73 452,7
84 95 43,7
72 87 55,6
120 98 31,1
120 54 28,3
84 49 46,1
36 62 82,7
12 72 11,1
24 49 207,2
120 64 32,3
24 58 136
36 44 53,5
12 64 217,6
12 59 383,7
12 49 197
12 53 328,9
72 68 57
12 49 245,4
12 55 360,3
12 47 230,8
60 46 130,9
132 93 27,8
24 138 40
168 97 19,4
12 126 393,4
24 60 468,4
12 57 259,4
36 50 118
60 53 45,3
12 42 999,9
12 21 543,9
60 15 67,9
24 44 61,7
12 52 999,9
24 30 358,2
24 78 165,7
12 104 831
12 44 617,4
96 47 35,2
72 76 45,7
12 89 526,7
84 38 48,2
24 97 260,7
12 44 433,1
12 43 526,5
12 48 518,1
24 51 599,2
12 23 780,1
24 25 455,8
12 41 262,2
36 49 93,7
48 58 78,3
36 65 195,1
24 42 128,6
12 30 133,4
108 63 30,4
12 68 395,4
0 0 0
72 70 61,6
0 0 0
12 38 216,5
24 52 137,5
24 39 244,2
12 6 347,4
60 71 55,8
108 65 28,5
24 60 159,1
12 68 322,3
24 42 453,3
24 45 74,3
24 48 582,6
24 49 270,4
12 40 547,5
12 44 911,5
192 95 22,9
60 122 41,2
156 79 14,3
12 124 173,3
48 68 98,8
12 79 395,5
12 55 324,5
12 13 505,8
12 25 999,9
12 86 298
12 43 330,3
144 46 27,6
204 42 16,9
108 70 31,6
84 67 43,2
36 45 212,4
36 56 107,9
72 39 50,7
72 47 46,4
72 54 69,6
60 57 93,9
180 108 20,8
12 133 238,6
312 114 12,5
12 160 231
48 60 52,1
60 55 59,1
96 52 37,4
36 57 51,2
60 61 72,1
12 78 279,9
36 59 128,6
12 49 636,7
12 65 10,6
12 45 134,3
72 57 53,8
12 65 382,3
120 62 25,4
168 69 19,8
168 64 21,5
168 69 22,5
96 62 40,8
72 56 46,7
204 108 17,5
24 128 164,4
132 97 25,1
24 116 97
36 56 122,1
60 56 64,3
168 60 21,1
156 67 20,2
24 49 132,2
36 50 281,8
24 48 416,1
24 84 170,5
84 69 41
72 69 69,9
12 17 999,9
12 116 999,9
12 52 494,1
96 61 30,8
48 71 97,3
24 55 149,7
72 55 53,3
24 67 166,3
12 89 89,6
24 77 148,1
60 45 45,8
24 47 200,1
276 67 12,1
108 59 34,9
24 66 197,2
24 71 93,8
24 67 47,5
24 42 160,2
72 73 36
12 68 256,1
96 52 37,1
120 52 27,5
96 101 33,6
36 122 136,1
144 113 24
60 141 44,7
60 56 45,5
36 73 70,4
24 38 348,7
12 39 528,9
12 86 372,5
12 84 132,1
192 78 18,7
96 110 28,8
288 86 14,4
12 101 96,8
36 60 193,2
0 0 0
216 117 14,5
0 0 0
84 53 47
12 64 209,4
36 50 126,1
48 60 76,6
120 103 26,3
12 167 212,6
36 98 92,2
0 0 0
12 59 459,3
12 58 119,9
12 47 692
12 36 206,2
420 95 8
60 118 68,1
132 63 22,3
180 99 22,8
60 123 77,6
48 70 88
48 56 81,3
24 65 94,3
36 63 96,3
72 79 29,9
24 73 135,2
84 73 58,3
36 70 118,1
24 78 91,7
24 52 455,8
12 69 676,2
24 66 287,1
12 22 331,1
12 48 102,7
24 50 138,4
12 71 367,8
36 65 104,4
48 64 80,6
24 76 229,3
12 57 323,2
72 58 51,4
36 73 139,4
324 115 11,1
108 133 31,4
156 114 23,9
12 122 220,6
36 24 121,2
48 48 204,3
0 0 0
192 80 25,1
228 91 16,6
108 124 63,3
312 97 12
96 134 45,6
192 119 19,7
48 128 81,3
228 118 12,3
12 131 627,1
60 68 141
96 48 49,2
24 51 147,6
48 59 36,3
96 59 24
84 64 59,9
84 63 40,7
24 45 126,9
12 50 297,7
12 77 323,1
0 0 0
0 0 0
60 43 67,4
36 48 96,8
12 22 316,6
60 46 123,8
24 50 101,8
36 63 523,1
72 51 83,6
48 32 70,9
84 38 26,6
132 35 36,5
24 33 169,2
60 56 66,1
72 51 80,8
12 48 243,5
24 39 159,4
36 40 113,1
36 36 126,8
48 48 163,7
12 45 400,1
24 39 268,7
0 0 0
24 48 174,9
48 68 76,5
72 69 39,1
36 66 78,3
60 64 53,7
48 53 74
84 74 41,4
48 70 68,5
72 48 50
120 53 28,6
264 70 14,9
0 0 0
0 0 0
0 0 0
0 0 0
36 51 65,2
60 36 89,9
84 72 45,4
24 48 147,2
0 0 0
0 0 0
12 41 727,6
12 33 442,5
24 32 418,3
36 41 87,4
0 0 0
24 40 116,1
60 40 41,3
36 43 102
48 38 42,2
84 50 40,4
12 26 999,9
24 49 199,3
12 37 331,2
36 45 524,3
84 51 53,7
72 39 75,4
12 39 271,6
24 47 158,9
24 41 116,7
12 42 332,5
12 56 137,1
84 58 40,1
48 67 72,7
300 106 11,4
108 138 36,1
396 104 9,1
204 124 18,2
120 58 21,4
108 54 38,9
96 51 25,7
120 60 33,9
156 62 24,2
48 57 73
84 54 38,2
96 58 32,8
420 103 8,5
156 125 21,1
336 94 10,1
24 132 81,8
240 103 16,6
48 125 100,3
312 102 11,6
84 127 36,9
108 82 32,3
216 56 16,3
492 126 6
96 142 35,5
144 116 24,5
420 83 8,4
48 102 287,1
348 90 11,2
48 116 59,9
300 87 12
72 102 58,3
312 92 11,9
24 108 205,8
192 88 14,8
72 107 45,9
252 93 12,7
24 110 83,3
252 73 14,4
192 88 20,2
228 92 14,7
132 90 26,9
120 82 31,6
72 102 52,6
84 82 38,1
24 133 190,5
0 0 0
192 94 15,8
156 88 23,7
36 131 66,1
396 84 8,4
60 93 105,7
132 105 27,6
348 97 10,3
228 87 16,3
36 100 99,3
180 86 19,2
120 104 28,8
84 63 61,8
12 80 289,8
24 54 258,8
24 69 360,2
72 77 50,8
36 80 121,9
60 55 52,5
12 48 133,2
108 65 37,6
132 66 25,6
36 73 166,1
24 84 109,3
192 106 18,7
48 150 102,7
216 116 20,6
48 118 103
72 50 42,8
84 49 40,4
72 51 53,5
60 65 52,6
60 61 52,9
12 67 329,9
24 75 432,8
48 70 94
288 92 12,2
60 130 56,8
300 101 12,2
132 135 29,8
60 75 50,2
48 67 67,2
192 93 16,6
12 104 562,4
132 100 29,7
12 156 145
180 74 16,4
24 83 144,2
132 68 24,8
60 97 42
12 42 290,6
96 48 41,8
72 48 34,1
24 83 163,7
36 82 172,5
48 62 62,6
12 80 289,6
12 86 62,3
48 72 78,9
12 57 629,1
108 68 35,3
24 63 101,8
84 49 30,1
120 48 29,8
12 50 221
48 58 147,4
24 49 68
36 68 105,7
24 61 221,9
12 95 436,6
24 84 320,9
24 66 150,8
48 65 67,6
36 55 75,8
72 52 57,1
60 57 68,6
12 39 126,5
12 84 322
48 51 72,3
96 37 25,3
132 54 37
36 54 33,6
12 48 267,8
12 54 536,8
96 64 40,1
48 67 74,3
24 61 98,5
36 56 111,7
84 54 42,1
60 53 61,9
72 54 48,7
72 42 47,8
24 41 146,4
36 38 81,5
60 72 54,7
12 75 102,4
36 45 100,5
12 41 253
60 70 59,9
60 84 46,2
12 56 999,9
48 54 83,5
12 59 247,1
48 41 28,3
48 32 36,8
24 60 94,3
36 53 102,1
132 60 28
132 56 35,7
12 31 128
36 32 379,6
36 44 115,4
12 48 238,9
24 54 82
72 46 48
12 55 999,9
24 55 144,2
12 56 218
72 57 46,6
24 67 151,7
72 61 45,5
72 61 59,7
12 57 104,5
12 53 261,4
12 52 301,7
12 27 105,9
12 45 264,8
24 48 184,6
24 63 176,4
72 60 53,2
48 60 83,8
180 81 20,1
144 74 29,8
12 95 391,1
168 79 20,2
132 80 30,1
72 48 48,5
72 58 61,1
60 43 46,8
108 64 22,5
72 69 49
24 62 95,9
84 49 68,1
12 73 323,7
72 84 76,4
12 69 140,8
36 72 76,8
12 45 982
12 72 168,1
24 73 188,9
48 94 81,5
24 89 223,1
204 46 16,8
156 43 20,5
120 55 28,3
36 50 118,1
228 62 15,5
192 63 18,9
48 56 61,9
144 62 30
60 82 73
60 71 61,2
12 54 441,9
24 56 159,3
288 93 12,3
108 124 32,4
384 100 8,9
84 122 67,9
24 54 112,8
108 76 26,1
96 84 32,6
24 57 133,4
12 52 210
84 64 52,4
84 57 51,9
84 48 38,8
48 57 75,3
24 62 106,5
24 90 154,6
24 80 291
36 58 142,7
60 57 63,4
12 51 167,9
48 55 73,4
48 69 82,2
12 71 314,4
60 85 62,4
96 83 35,8
84 50 36,6
72 48 70,8
84 49 36,7
24 52 178,7
144 69 31,6
24 68 176,9
12 51 999,9
36 70 130,9
24 107 511,1
12 74 151,5
48 93 95,8
24 61 104,6
96 71 32,3
12 80 20,9
36 70 175,5
96 47 43,2
108 42 31,3
12 47 268,9
12 54 390,8
12 54 565,9
24 50 110,9
84 50 69,2
48 58 153,9
12 84 225,3
60 61 99,9
24 57 153
108 63 24,1
108 58 29,1
12 67 277,7
144 71 19,1
84 68 52,3
96 62 30
216 107 14,3
84 132 24,3
240 107 8,9
60 139 41,5
36 44 97,3
48 57 75,7
240 104 15,7
60 155 51,2
288 111 12,8
72 111 63,2
60 49 46
24 55 100,8
36 47 230,3
24 46 180,6
12 43 168,4
24 53 242,9
192 117 19,4
12 111 674
204 119 17
60 144 60,2
72 81 83,8
12 86 269,2
60 79 100,6
12 84 139,3
72 51 37,1
156 44 20,7
228 111 15,4
48 143 144,5
264 110 15,1
60 127 86
96 53 34,2
72 57 51,2
12 37 385,9
24 90 141,1
324 95 10,8
36 125 79,4
72 119 53,6
72 86 54,3
48 76 64
12 90 720,1
12 71 422,6
24 90 74,2
72 68 62,5
72 60 50,8
96 52 21
36 74 138
36 73 119,2
24 44 489,8
24 68 325,7
216 95 13,2
192 94 19,3
24 115 155,8
36 46 587
348 100 11
24 115 104,9
312 100 11,4
36 114 89,8
60 60 52,5
72 44 57,1
300 112 11,6
0 0 0
84 95 25,5
0 0 0
84 52 33,7
24 47 184,2
12 44 316,9
12 49 999,9
24 44 168,1
192 99 18,1
12 126 268,5
48 59 112,5
12 72 296,4
24 75 144
24 52 149,9
84 58 33,3
60 60 47,1
108 58 37,9
36 65 91,9
12 62 470,6
24 44 179,8
72 60 45,8
24 62 59,9
36 36 45,7
12 35 210,4
12 120 189,6
24 86 172,5
24 53 154,1
24 54 226,7
60 57 29,4
60 79 90,3
24 74 57,2
12 64 354,7
324 103 11,4
72 130 56,2
120 75 47,2
96 64 47,6
96 53 41,6
72 60 50,9
36 84 94,2
24 86 154,6
96 63 36,4
72 51 54,2
60 69 70,4
72 69 55,3
36 53 147,1
84 90 57,4
12 97 158,3
48 59 155,5
144 55 23,7
24 83 212,5
24 70 135,9
24 46 255,4
36 43 77,9
48 56 80,1
36 67 154,8
12 41 393,2
12 64 417,6
60 64 61,8
36 74 89,6
24 72 227,1
36 73 117,6
12 68 159,8
12 54 430,8
12 40 339,8
108 115 33,7
204 107 18,6
216 94 16,8
0 0 0
168 100 21,7
12 153 171,3
96 62 55,3
24 60 96,7
36 53 286,9
36 69 188,2
12 68 193,2
72 56 69,3
48 41 38,5
12 55 290,7
72 57 47,6
96 75 37,9
48 39 63
12 44 29,1
0 0 999,9
0 0 999,9
0 0 999,9
0 0 999,9
0 0 999,9
0 0 999,9
0 0 999,9
0 0 999,9
0 0 999,9
0 0 999,9
0 0 999,9
0 0 999,9
0 0 999,9
0 0 999,9
0 0 999,9
0 0 999,9
0 0 999,9
0 0 999,9
0 0 999,9
0 0 999,9
0 0 999,9
0 0 999,9
0 0 999,9
0 0 999,9
0 0 999,9
0 0 999,9
0 0 999,9
0 0 999,9
0 0 999,9
0 0 999,9
0 0 999,9
0 0 999,9
0 0 999,9
0 0 999,9
0 0 999,9
0 0 999,9
0 0 999,9
0 0 0
0 0 999,9
0 0 999,9
0 0 999,9
0 0 999,9
0 0 999,9
0 0 999,9
0 0 999,9
0 0 999,9
0 0 999,9
0 0 999,9
0 0 999,9
0 0 999,9
0 0 999,9
0 0 999,9
0 0 999,9
0 0 999,9
0 0 999,9
0 0 999,9
0 0 999,9
0 0 999,9
0 0 999,9
0 0 999,9
0 0 999,9
0 0 999,9
0 0 999,9
0 0 999,9
0 0 999,9
0 0 999,9
0 0 999,9
0 0 999,9
0 0 0
0 0 999,9
0 0 999,9
0 0 999,9
0 0 999,9
0 0 999,9
0 0 999,9
0 0 999,9
0 0 999,9
0 0 999,9
0 0 999,9
0 0 999,9
0 0 999,9
0 0 999,9
0 0 999,9
0 0 999,9
0 0 999,9
0 0 999,9
0 0 999,9
0 0 999,9
0 0 999,9
0 0 999,9
0 0 999,9
0 0 999,9
0 0 999,9
0 0 999,9
0 0 0
0 0 999,9
0 0 999,9
0 0 999,9
0 0 999,9
0 0 999,9
0 0 999,9
0 0 999,9
0 0 999,9
0 0 999,9
0 0 999,9
0 0 999,9
0 0 999,9
0 0 999,9
0 0 999,9
0 0 999,9
0 0 999,9
0 0 0
0 0 0
0 0 0
0 0 0
0 0 0
0 0 999,9
0 0 999,9
0 0 999,9
0 0 999,9
0 0 999,9
0 0 999,9
0 0 999,9
0 0 999,9
0 0 999,9
0 0 999,9
0 0 999,9
0 0 0
0 0 0
0 0 0
0 0 0
0 0 999,9
0 0 999,9
0 0 999,9
0 0 999,9
0 0 999,9
0 0 999,9
0 0 999,9
0 0 999,9
0 0 999,9
0 0 999,9
0 0 999,9
0 0 999,9
0 0 999,9
0 0 999,9
0 0 999,9
0 0 999,9
0 0 999,9
0 0 999,9
0 0 999,9
0 0 999,9
0 0 999,9
0 0 999,9
0 0 999,9
0 0 999,9
0 0 999,9
0 0 0
0 0 999,9
0 0 999,9
0 0 999,9
0 0 999,9
0 0 0
0 0 0
0 0 0
0 0 0
0 0 0
0 0 999,9
0 0 999,9
0 0 999,9
0 0 999,9
0 0 0
0 0 0
0 0 999,9
0 0 999,9
0 0 0
0 0 999,9
0 0 999,9
0 0 999,9
0 0 999,9
0 0 999,9
0 0 999,9
0 0 999,9
0 0 999,9
0 0 999,9
0 0 999,9
0 0 999,9
0 0 999,9
0 0 999,9
0 0 999,9
0 0 999,9
0 0 999,9
0 0 999,9
0 0 999,9
0 0 999,9
0 0 999,9
0 0 0
0 0 999,9
0 0 999,9
0 0 0
0 0 0
0 0 999,9
0 0 999,9
0 0 999,9
0 0 999,9
0 0 999,9
0 0 999,9
0 0 999,9
0 0 999,9
0 0 999,9
0 0 999,9
0 0 999,9
0 0 999,9
0 0 999,9
0 0 999,9
0 0 999,9
0 0 999,9
0 0 999,9
0 0 999,9
0 0 999,9
0 0 999,9
0 0 999,9
0 0 0
0 0 999,9
0 0 999,9
0 0 999,9
0 0 999,9
0 0 999,9
0 0 999,9
0 0 999,9
0 0 999,9
0 0 999,9
0 0 999,9
0 0 999,9
0 0 999,9
0 0 0
0 0 0
0 0 999,9
0 0 999,9
0 0 999,9
0 0 999,9
0 0 0
0 0 0
0 0 0
0 0 0
0 0 0
0 0 0
0 0 0
0 0 0
0 0 0
0 0 0
0 0 0
0 0 0
0 0 0
0 0 0
0 0 0
0 0 0
0 0 0
