1504
900 88 3.8
816 90 4.1
1140 91 3.2
1032 88 3.8
780 93 4.6
744 93 4.4
792 98 4.6
744 96 4.5
720 101 5.4
660 91 5.3
864 93 4.1	
780 101 4.8
720 93 4.5
792 97 4.4
1152 89 3.2
1056 99 3.4
828 88 4.2
1260 90 2.2
960 96 3.6
948 95 3.5
1008 74 3.5
660 87 5.4
684 92 5.3
672 92 5.1
732 95 4.9
768 99 4.5
696 90 5.1
900 87 4.3
1020 83 3.4
816 91 4.4
840 92 4.2
744 106 4.6
660 119 5.5
504 56 6.5
612 93 5.4
552 54 6
960 113 4
744 114 5.2
528 90 6.8
516 100 7.7
720 48 4.3
564 51 5.2
516 41 5.7
420 48 7.6
384 43 8.6
540 39 4.4
624 99 5.8
612 103 6.4
588 95 6
492 106 7.5
396 98 8.8
360 95 7.3
732 124 5.2
528 95 6.5
612 99 5.7
456 124 7
696 105 4.8
684 101 5.8
624 100 4.6
528 33 5.1
552 47 6
588 117 6.6
516 49 6.7
672 66 4.9
708 60 4.6
480 61 6.8
588 51 5.9
576 51 5.4
396 53 8.9
636 50 5
504 60 5.5
456 40 6.5
612 61 5.3
720 47 4.6
672 59 5.2
792 107 5.2
624 130 5.8
684 122 5.6
888 113 4
564 54 6
408 49 7.9
540 69 5.7
600 86 6.4
852 100 4.3
708 114 5.3
360 41 8.7
516 104 6.8
528 65 6.1
492 101 5.6
600 99 6.3
552 89 6.4
576 90 5.9
744 46 4.2
624 88 5.7
660 88 5.4
564 49 5.2
528 49 5.3
540 106 7
540 57 6.2
648 55 4.8
540 55 6
444 60 7.5
456 52 7
636 57 4.8
672 61 4.7
600 81 5.9
612 109 6.4
648 105 5.7
600 111 5.7
552 102 6.4
540 53 6.3
576 71 6.5
684 119 5.7
564 125 6.8
360 116 4.3
552 98 6.8
540 104 6.5
708 106 5.5
684 106 5.9
612 89 6.4
768 90 4.6
672 89 5.4
636 91 4.8
600 75 6.2
648 85 5.6
576 91 6.1
480 90 6.1
540 89 6.8
732 89 5.3
576 98 6.6
600 102 5.5
612 96 5.7
504 47 5.9
360 64 6.5
588 73 5.6
624 87 5.7
432 75 7.9
540 36 5.8
636 108 5.3
480 107 6.1
516 105 7
528 108 7.1
684 109 5.3
588 110 6.2
516 105 7.2
588 105 6.2
588 102 5.8
564 97 6.4
636 99 5.7
216 39 14.3
516 103 6.4
96 96 6.3
648 112 5.6
456 55 7.8
180 58 18.4
348 59 9.3
216 59 16.8
252 57 13.6
372 97 7.5
36 77 74.9
324 99 11.3
108 118 42.3
240 57 13.4
168 63 20.6
60 58 58.8
72 62 81
216 132 14.1
84 53 42.5
60 54 67.8
48 55 59.4
72 47 24.9
48 46 69.6
24 39 55.7
288 95 12.1
60 118 78.5
264 100 12.8
60 138 70.8
60 59 135.4
12 20 11.7
96 43 31.7
108 44 34
36 49 95.8
84 46 62.7
408 56 8.2
264 54 14.3
156 60 18.2
336 114 10.2
60 51 40.7
84 48 44.6
84 47 38.6
96 51 37.4
156 61 20.4
96 54 37.1
72 45 54
72 39 43.1
36 81 91.2
360 57 10.1
180 50 19.9
108 47 19.1
12 47 256.8
12 52 107.4
300 54 10.8
216 64 15.6
84 41 26.8
84 50 33.4
240 35 13.1
276 36 12.4
36 44 161.4
120 53 36.4
72 54 32.4
192 49 19.3
60 52 51.5
324 99 10.8
12 124 152.1
108 120 29.4
168 59 15.5
204 54 16.9
108 138 33.7
480 111 7.5
96 128 23.7
180 56 19.9
120 68 40.1
108 55 39.3
132 50 26.8
168 49 20.6
252 51 10.6
312 49 11.1
120 54 19.4
48 63 65.3
96 63 39.6
12 75 132.4
72 63 39.1
108 65 36
48 53 91.5
24 66 133.8
276 55 12.4
336 59 11.8
48 54 79
120 51 27.4
108 54 35.7
36 62 72.1
312 43 10.6
444 47 8.4
264 72 13.3
276 62 14.1
360 65 8.6
372 56 8.7
288 122 13.4
276 132 11.7
348 104 11.2
24 109 118.4
396 95 9.4
84 121 18.7
96 56 34.4
72 60 44.8
336 53 10.4
360 53 8.7
156 53 22.5
144 70 23.4
240 100 15.5
12 150 229.1
252 97 14.3
60 137 51.8
60 65 60.9
72 54 46.6
60 108 42.4
432 87 6.7
144 113 21.5
468 71 7.2
348 76 10.5
216 55 22.9
144 53 24.2
180 59 20
252 70 14.2
60 62 55.9
372 103 7.5
132 128 21.9
120 138 28.4
348 50 9.2
360 45 9.4
60 47 43.7
48 53 101.4
48 48 104.3
120 55 35.2
180 64 19.2
348 65 10
84 54 33.1
84 54 33.1
312 50 11
204 47 14.8
72 61 41.5
48 62 66.9
228 53 13
240 52 15.3
72 55 57.1
60 59 58.4
432 68 7.7
324 71 12.5
180 77 13.1
252 72 12.3
24 51 157.7
60 52 76.2
252 39 15.3
276 49 11
132 71 23
144 72 24.3
96 62 38.5
72 57 50.9
120 45 32
48 45 49.2
384 93 9.1
96 114 35.8
384 107 9.4
96 133 34.1
240 94 15.1
48 110 92.9
288 93 12.2
48 136 81.3
12 44 999.9
324 54 10.9
240 54 13.5
372 54 8.8
312 54 10.9
108 38 38.6
96 57 38.6
84 68 45.5
144 56 28.9
24 58 124.5
84 59 55
348 101 10.9
36 139 91.9
108 58 38.9
24 61 141.5
36 102 102.1
48 90 73.2
300 96 11.5
60 110 93.3
120 126 27.1
108 118 22.1
60 67 31.4
72 64 51.8
264 57 14.1
204 54 18.3
288 67 11.8
276 58 12.1
408 108 9.5
48 152 26
348 105 11.3
12 124 45.6
72 56 37.2
84 62 40.3
60 80 63.2
96 69 37.6
12 53 328.6
24 47 136.3
24 50 111.5
72 69 56.1
24 66 178.8
12 54 216.9
348 95 10.5
24 138 261.1
156 50 19.3
204 47 17.1
396 48 8.3
300 51 12.1
48 69 52.5
60 72 62.2
240 68 13.7
288 105 11
204 128 18.8
432 101 7.9
72 126 31.6
72 51 60.7
72 35 43.5
96 75 24.6
192 65 16.5
264 70 12.1
276 59 13.5
252 48 12.8
360 46 8.7
108 51 24.5
120 53 26.4
48 53 78.9
60 54 58.8
36 45 42
12 52 137.9
264 124 13.2
480 128 8.5
132 49 23.7
108 50 27.5
48 53 129.6
84 45 34.5
48 50 75.4
84 51 32.6
132 51 29.4
120 58 39.8
132 68 23.9
72 66 37.2
132 50 22.8
156 56 23.8
108 58 31.6
144 48 26.7
192 41 18.6
276 42 12.2
132 80 25.1
12 95 291.5
96 77 37.6
12 124 335.8
24 55 96.2
36 37 63.6
204 51 17.6
168 47 22.8
36 69 88.4
168 56 23.6
48 56 81.2
84 62 38.3
12 33 45.2
24 28 153.8
432 70 8
396 80 8.6
444 76 7.3
384 86 8.8
480 126 7.6
72 52 54.4
72 55 38.1
348 132 11.1
336 129 10.6
156 62 26.3
156 74 20.9
168 51 21
228 47 14.5
252 63 13.5
144 69 25.1
12 55 792.4
96 45 35.1
84 48 37.9
120 38 29.8
96 44 42.5
192 59 26.2
132 59 24.2
96 73 22.5
72 63 49.9
60 60 53.7
120 66 34.4
108 50 33.8
144 58 29.2
144 85 18.9
72 75 51
120 47 38.3
48 53 63
264 65 13.4
144 61 18.4
144 61 23.4
96 63 31.3
24 59 125.3
48 67 81.8
96 62 56.9
12 50 275.8
312 125 9.6
288 116 13.9
12 57 307.5
60 48 25
132 51 23.7
360 101 10.5
48 121 113.3
288 69 10.3
252 67 13
132 60 30.2
156 63 22.3
72 80 67.8
60 81 60.7
480 117 7.5
324 124 11
180 51 18.5
216 51 13
48 42 62.3
12 35 554.7
252 54 12.7
192 53 17
60 49 70.8
24 63 77
12 72 102.3
120 37 26.5
108 40 27.9
252 38 12.5
264 51 9.5
12 39 202.2
24 67 180.1
288 52 11.6
372 49 8.8
60 47 112.1
36 38 131.7
216 65 16
408 64 8.9
264 59 12.2
252 63 14
12 49 422.4
240 47 14.5
120 47 25.7
24 64 82
252 55 13.4
396 59 8.7
216 93 18.1
252 87 14
36 69 123.6
36 49 178.9
36 45 98.8
72 56 48.2
96 47 34.2
144 50 25.4
24 78 107.6
24 54 214.2
36 48 100.4
60 57 63
384 50 8.9
336 65 9
372 109 9.6
144 141 24.5
492 111 7.9
156 132 24.6
132 49 24.4
228 50 16.5
300 48 10.3
336 40 10.8
444 63 8
288 49 9.3
108 54 27.5
180 69 18.5
144 74 24.6
312 138 10.9
60 65 85.4
36 64 183.5
72 78 43.8
36 53 95.8
120 57 27.5
72 57 55
12 63 390.6
24 58 151
36 52 124.3
72 56 46.1
324 60 11.4
228 57 15
60 65 53.4
132 56 25.2
204 47 17.1
360 44 9.1
24 52 159.7
96 44 35.3
60 54 63.6
48 82 54.1
216 101 17.2
12 117 300.2
192 92 17.2
12 126 416.5
264 45 13.2
180 47 12.3
180 49 20.5
96 49 40.2
144 52 24.8
432 93 8.7
96 105 37.2
288 93 12.2
12 103 35.3
240 61 15.5
300 49 11.5
180 51 18
132 47 30.6
372 56 9
480 65 7.7
456 118 8.3
252 98 9.2
84 75 39.9
384 49 8.7
72 64 67.9
36 62 108.6
180 56 19.1
60 60 51.8
108 46 27.2
132 48 26.3
240 41 15.2
228 40 15.3
228 127 15.5
216 58 14.9
204 59 17
72 61 37.5
60 56 14.9
192 58 16.4
216 55 15.7
120 60 26.9
120 58 30.2
60 62 45.9
60 55 41.8
420 63 7.9
240 52 12.3
384 50 8.3
120 59 26.5
108 55 31
240 54 14.1
144 56 23.4
456 126 6.9
348 129 9.6
384 99 9.8
72 134 52.2
108 123 37.4
96 47 38.6
96 44 31.3
108 71 28.6
84 62 43.3
12 41 176.1
24 43 157.7
84 52 40.4
12 62 308.3
12 59 386.9
24 26 61.8
156 64 25.9
84 64 42
156 53 23.1
132 52 27
168 114 22.1
432 97 8.9
132 120 28.1
36 79 55
24 59 157.6
96 53 38.4
84 63 34.3
48 64 128.3
84 54 43.7
12 47 169.3
36 51 82.4
312 55 14.1
336 53 10
372 61 9.1
240 70 14.8
264 57 14.9
216 62 16.2
216 115 18.5
84 113 43.4
72 48 49.8
36 47 118.7
108 62 29.9
132 56 29.7
96 61 38
96 51 26.7
228 83 15.1
312 77 9.9
228 56 15.5
276 57 12.8
12 51 125.7
108 55 34.3
420 72 8.3
372 73 8.9
168 63 21.1
144 59 24.7
312 57 10.6
444 53 7.3
276 77 13.3
180 74 19.3
156 78 19.6
228 94 8.7
168 77 24.2
300 81 10.9
336 46 10.2
276 47 12.4
276 56 12.2
180 57 18.5
24 30 115.9
24 48 188.9
252 62 13.7
228 56 15.3
108 50 32.4
132 57 31.8
12 67 252.5
72 70 52.9
24 34 349.9
48 53 71.1
192 65 18
108 68 25.5
120 45 25.6
156 55 29
48 43 74.3
24 43 112.4
312 93 10.8
24 112 156.5
252 93 14.2
24 118 301.1
96 73 39.4
48 79 84.5
12 37 194.1
12 44 472.1
60 49 83.6
12 56 232.8
36 50 107.7
120 49 46.3
12 52 999.9
60 50 76.2
48 22 56.5
36 15 43.5
36 57 61.6
36 47 78.1
36 28 157.2
24 66 63.5
96 69 40
24 84 457.4
24 44 274.4
84 54 21.5
12 81 56.7
84 39 51
96 69 37.6
24 88 102.7
12 25 525.6
24 29 140.7
12 45 266.2
24 52 327.3
24 48 144.7
36 48 60.7
12 43 192.5
12 57 233.5
36 52 123.9
12 34 999.9
24 31 180.8
24 41 165.9
48 19 117.9
204 47 18.2
204 58 14
84 60 36.2
96 56 52.8
108 22 31.2
168 37 20.6
12 31 479.9
36 33 67.8
264 67 10
48 88 44.5
84 50 25.3
180 61 18.9
72 62 45.2
12 53 372.6
36 31 74.2
120 36 25.9
24 64 299.1
24 66 106.2
72 53 53.6
12 39 999.9
84 55 52.8
120 63 30.6
36 58 118.9
36 58 69.8
36 39 69.1
12 38 368.9
12 17 787
60 42 109.6
36 44 91.2
48 46 78.7
36 41 44.6
120 74 27.5
48 109 83.7
264 73 17
84 88 50.5
108 72 33
48 90 112.1
156 68 19
12 9 293.3
96 15 37.4
36 59 112.1
72 65 40.2
240 50 14.3
120 39 27.4
264 61 13.3
396 57 9
144 47 26.6
204 48 17.3
348 36 9.1
264 42 13.4
132 54 33.7
192 51 16.3
192 124 18.2
120 52 31.1
192 51 18.3
288 46 10.7
276 49 13.6
120 55 21.9
168 53 22.5
108 68 33.8
72 66 65.1
132 50 21.1
108 52 31.5
144 52 30.2
168 48 21.2
60 67 31.4
72 49 47.9
204 57 17.7
252 56 14.6
348 60 9
384 111 8.9
84 138 45.7
396 103 8.8
84 128 46.2
372 52 9.2
252 55 12
372 63 9.2
300 64 12.3
84 45 36
120 55 32.7
36 48 95.6
24 58 238
252 56 11.9
228 65 14
216 61 16.8
72 55 36.5
12 13 471.1
12 14 251
36 64 141
96 65 38.6
60 64 27.3
192 88 18.4
156 85 23.2
252 50 12.9
228 56 18.1
180 62 19.3
132 68 26.6
72 59 65.1
72 62 63.4
144 49 24.4
180 47 18.2
72 61 31
120 52 22.9
108 50 46.2
180 54 21
120 46 28.2
72 50 49.6
60 54 48
156 68 26.6
108 44 23
12 86 80.2
12 78 169.5
36 59 163.8
360 105 10.5
84 132 36.6
384 105 10.3
72 124 53.7
180 56 17.4
108 55 35.2
12 48 82.6
12 31 233.7
36 90 105.6
12 106 184.2
312 103 12
324 109 11.3
60 71 111.1
12 69 340.6
84 55 33.5
36 76 76.7
216 130 16.6
156 56 20.2
204 49 16.8
24 71 121.2
168 49 18
180 52 20
24 15 129.1
12 27 19.9
36 67 202.3
36 74 319.2
240 116 17.3
0 0 0
156 105 19
0 0 0
12 67 340.2
24 56 97.1
24 53 138.5
48 39 76.6
204 110 20
276 86 12.7
372 116 9.9
144 134 27.5
24 74 198
24 56 72.9
156 54 29.5
228 55 20.5
288 56 11
144 60 23.6
300 57 11.9
180 63 16.9
60 81 51.9
60 60 74.7
72 55 42.4
120 52 29.6
72 50 51.1
48 49 56.9
84 56 28.1
12 58 49.6
48 55 76.3
132 58 29.1
180 60 18
180 64 17.7
132 68 27.8
120 53 28.6
48 51 33.2
84 60 41.7
48 62 77.9
492 136 7.9
228 141 15.9
60 31 80.7
24 42 37.6
36 46 98.4
24 40 193.5
108 66 35.3
192 66 21.1
36 55 168.8
408 120 8.6
324 133 11.8
348 110 8.9
120 132 22.5
312 87 6.8
96 126 24.5
24 47 27.8
12 65 211.3
180 49 19.8
204 50 20.2
216 53 14.4
252 60 12.4
216 49 14.9
276 53 11.6
48 56 66.3
72 62 43.2
60 79 92.3
36 66 203.1
84 59 50.4
156 45 21
108 55 27.8
60 59 42.7
84 54 60.7
204 55 18.2
36 72 83.6
156 49 19.9
84 24 42.1
72 18 28.3
156 41 16.8
36 36 62.6
24 33 168.4
84 55 37.5
168 49 23.5
72 52 58.8
120 43 33.1
24 34 154.8
120 40 29.2
72 50 101.6
144 40 24.9
60 43 57
0 0 0
132 45 29.6
132 61 24
204 61 14.9
120 62 29.5
240 57 15
132 53 31.5
444 66 7.4
96 71 33.6
168 56 21.2
36 41 149.2
12 44 343
24 42 414.1
12 28 608.7
36 30 90.4
228 60 18
36 53 70.9
252 69 13.8
12 78 1515.5
96 42 43.9
24 34 189.3
12 40 88
12 48 173
24 39 94.3
12 28 268.4
72 39 36.3
60 34 103
156 32 27.7
192 40 19.6
132 43 29.3
132 43 20.1
312 43 11.2
36 22 125.5
12 24 173.9
36 44 88
12 36 204
24 45 64.6
72 46 29.9
132 35 44.4
60 37 47.9
60 45 56.5
36 34 96.1
48 53 84.5
36 42 90.2
60 50 52.4
60 52 71.5
48 69 68.6
0 0 0
108 63 34.8
144 61 34.1
276 53 12.4
240 56 15.3
444 48 7.4
372 55 9.1
312 53 10.4
312 56 9.8
216 51 14.5
348 48 10
348 120 10.8
264 128 5.3
204 130 17.2
288 126 12.6
288 109 8.2
408 50 8.7
12 92 185.3
420 88 8.4
276 111 12.4
420 90 7.6
240 113 13.2
192 107 16.5
480 110 7.6
120 109 23.1
492 86 7.7
216 128 10.4
180 109 12.7
408 91 8.9
12 125 329.4
168 85 19.4
168 116 20.8
132 91 24
324 101 11.4
468 95 7.8
444 109 8.2
396 85 9.1
168 58 24.7
120 60 30.3
84 58 40
72 62 45.7
144 73 12.6
132 83 25.5
132 55 25
120 56 30
312 66 11.4
204 67 16.3
72 80 40.2
96 84 41.8
360 114 9.9
24 143 146.4
420 107 8.5
72 138 53.7
12 56 156.9
288 50 11.2
240 48 14.6
276 53 12.1
144 61 21.3
180 59 18.6
180 68 19.8
48 66 43.9
48 69 102.6
204 130 20.1
384 125 9.6
120 60 28
156 63 15.5
312 97 9
72 131 46
336 102 10.3
132 139 29.6
384 76 8.9
48 66 78
60 72 26.6
180 80 19
72 98 50.7
48 36 130.4
24 34 259.1
156 45 24
168 49 19.2
144 79 25.5
108 76 31.2
96 78 19.7
48 82 77.4
108 62 31.6
72 64 32.4
144 70 28.2
120 81 29.6
12 47 276.1
24 54 144.7
324 53 9.4
192 54 17.3
372 42 8.5
312 45 11.3
84 56 49.4
60 57 67.7
96 57 40.5
96 59 44.6
36 71 102.2
72 62 40.2
156 73 23.3
72 77 28.3
24 82 144.7
36 87 78.6
132 54 24.7
144 60 23.4
168 48 21.3
120 51 31.5
108 55 26.2
84 46 43.3
72 75 34.5
48 77 73.6
396 43 9
324 37 9.9
216 50 18.6
180 53 18.5
24 49 139.4
168 52 20.5
120 62 33.3
108 55 23.2
144 54 25.5
312 51 10.9
72 47 56.8
60 53 44.8
252 48 13
300 47 11.4
24 46 115.2
60 38 55.4
132 65 25.2
72 62 48.8
36 35 64
132 41 26.9
276 67 12.9
192 71 19.4
24 40 746.6
108 49 31.9
108 51 33.9
120 36 19.4
96 29 12.5
132 52 30.2
132 49 37.6
276 54 11.9
324 52 10.6
24 47 218.9
12 41 189
24 35 265.8
24 32 205.9
132 46 22.6
240 48 15.1
24 74 142.6
60 64 44.6
168 49 17.3
156 47 23.6
24 42 89
24 32 330
60 64 58.4
72 56 48.7
84 69 34.1
132 64 26.1
72 40 100.1
12 56 467.8
276 64 12.6
252 64 16.6
72 48 41.7
72 53 55.7
312 71 12.8
168 78 20.7
60 49 50.4
132 50 29
36 28 28.6
24 58 142.3
96 50 46.7
48 63 83.6
324 53 10.2
384 58 8.9
312 81 12.5
24 102 322
108 64 29.4
0 0 0
420 77 8.1
264 75 12.6
372 47 9.2
288 52 12.1
72 51 46.5
84 48 25.4
276 63 12.3
288 62 12.2
144 51 24
72 53 56.8
96 91 34.4
216 80 15.9
156 73 19.2
72 71 60.5
36 63 76.8
12 65 235.7
36 67 146.4
48 59 85.2
156 89 21.4
0 0 0
96 90 34.6
12 124 234.8
240 49 14.8
264 48 13.2
396 60 8.3
444 61 7.8
144 60 20.2
192 64 19.5
276 67 13
372 72 9.3
144 51 27.9
108 53 22.7
372 113 9.7
420 111 8.4
144 66 25.7
132 55 24.6
348 57 9.6
96 49 41.5
24 47 75.7
168 64 22.1
360 52 10.5
216 50 13.6
120 48 29.6
72 64 62.1
24 77 84.9
156 90 28.6
108 99 35.9
96 65 44.8
120 60 26.9
144 46 25.3
216 52 19.2
144 53 24.3
132 60 30.9
12 62 360.4
12 63 114.2
60 61 51.1
36 63 117
24 52 269.3
36 42 103.5
264 73 13.1
144 80 23.4
216 49 18.5
288 51 12.4
192 53 23
216 54 18.3
192 63 18.9
204 65 15.1
24 66 132.8
60 75 99.1
36 85 120.1
36 100 122.5
96 80 41
252 81 14.3
252 71 13.3
252 67 11.5
48 61 73.1
72 65 46.8
60 64 84.5
12 69 133.1
252 67 17
132 70 25.7
468 86 7.7
396 43 8.2
132 48 24.8
108 47 43.2
24 53 245.7
24 52 71.2
144 50 23.5
120 49 31
144 49 26.4
72 56 47.6
120 53 30.3
144 59 25
372 61 10
276 61 11.5
36 46 113
48 56 172.9
180 67 20.2
168 70 21.1
216 73 12.7
456 104 7.5
216 127 17.2
420 131 8.2
180 47 18.9
156 55 24.5
144 121 20
216 133 16.1
156 46 22
204 54 14.5
84 41 42.3
36 37 65.2
36 42 53.5
108 39 45.3
360 132 10
288 137 13.8
72 64 46
60 50 65.8
84 71 50.4
72 62 79.4
420 49 7.9
420 48 7.8
180 131 20.6
228 133 15.9
336 55 10.4
252 58 14.2
48 73 72.9
84 68 38.8
252 137 13.7
336 118 11.1
192 77 18.8
216 83 14.8
48 55 73.4
72 54 50.7
60 57 65
36 49 108.5
144 59 21.7
48 63 69.3
216 51 17.2
72 49 47.4
120 68 30.8
108 64 30.5
24 69 105.8
36 54 101.2
312 98 8.2
36 116 85.3
396 93 9.4
96 121 51.2
108 39 46.9
72 42 39.4
348 124 10.3
216 123 16.6
228 47 14.9
216 53 14.5
396 112 10
120 123 22.6
324 125 7
168 134 14.2
264 45 11.6
36 48 103.7
60 44 72.8
48 49 59.2
156 119 15.1
72 55 47.2
36 46 64.3
168 72 19.8
84 72 42.4
12 62 209.1
36 48 139.2
36 67 120.6
60 55 65.7
12 58 52.7
204 54 14.5
264 58 12.3
192 47 19
204 47 14.7
108 61 32.9
192 57 20
72 65 85.4
72 70 59.2
216 56 15.8
192 62 16.5
120 40 30
204 35 21.5
132 70 25.1
96 77 37.3
84 49 36.4
72 64 52.2
96 65 32.6
216 62 15.7
132 65 18.6
240 58 20.1
120 121 8.1
180 127 19.1
168 64 19.2
72 55 53.3
288 54 11.4
276 45 11.6
180 73 24
180 70 18.1
360 58 9.6
276 56 12.4
288 60 13.2
36 37 99.1
72 51 67.4
192 66 20.4
300 57 11.6
276 52 11.8
264 59 13.1
72 80 34.9
72 86 28.6
108 47 33.3
60 45 55
96 56 21.1
84 51 28.3
84 49 45
48 60 80.3
156 60 21.8
276 62 12.3
36 52 63.8
96 53 30.6
24 60 30.4
72 58 33
36 48 191.7
12 31 151.1
228 112 16.1
12 141 171.1
180 103 18.1
12 185 203.8
444 107 8.3
108 129 33.9
372 100 9.6
228 137 16
12 51 207.3
24 52 148.5
180 56 17.1
204 55 17
60 55 39.7
48 70 61.3
24 62 175
48 50 67
240 45 14.8
132 42 21.5
48 55 99.5
72 54 53.7
456 55 7.4
396 63 8.7
72 37 29.8
108 44 38.9