0 0.085938 0.178632 0.165625 0.134291
0 0.292708 0.181166 0.162500 0.141047
0 0.491146 0.182855 0.178125 0.146115
0 0.695833 0.181588 0.175000 0.150338
0 0.095833 0.408784 0.160417 0.133446
0 0.492708 0.413007 0.177083 0.138514
0 0.698958 0.416385 0.177083 0.143581
0 0.104167 0.665963 0.193750 0.144426
0 0.306250 0.663007 0.187500 0.136824
0 0.507292 0.664274 0.183333 0.134291
0 0.703125 0.663429 0.183333 0.132601
0 0.906250 0.664696 0.185417 0.131757
0 0.091146 0.864020 0.173958 0.146959
0 0.296354 0.891892 0.180208 0.202703
0 0.491146 0.866976 0.188542 0.157939
0 0.703125 0.868666 0.164583 0.157939
0 0.901563 0.868243 0.184375 0.146959
