0 0.096644 0.121752 0.166443 0.106833
0 0.295302 0.124639 0.174497 0.114533
0 0.512081 0.124639 0.170470 0.114533
0 0.704698 0.140520 0.144966 0.078922
0 0.895302 0.132820 0.150336 0.098171
0 0.093960 0.285852 0.107383 0.107796
0 0.295973 0.286814 0.124832 0.107796
0 0.510738 0.284408 0.151678 0.106833
0 0.710738 0.283446 0.140940 0.110683
0 0.909396 0.283927 0.146309 0.107796
0 0.109396 0.441290 0.151678 0.102984
0 0.305369 0.440327 0.148993 0.104909
0 0.507383 0.441771 0.155705 0.113571
0 0.710738 0.437440 0.148993 0.108758
0 0.911409 0.439365 0.150336 0.108758
0 0.106711 0.593840 0.157047 0.107796
0 0.298658 0.591434 0.140940 0.110683
0 0.510738 0.593840 0.154362 0.107796
0 0.710738 0.592397 0.148993 0.106833
0 0.908725 0.592397 0.153020 0.106833
0 0.102013 0.746391 0.150336 0.110683
0 0.306040 0.747353 0.150336 0.108758
0 0.506040 0.747834 0.147651 0.111646
0 0.711409 0.745428 0.147651 0.106833
0 0.911409 0.744947 0.153020 0.107796
0 0.102013 0.898941 0.158389 0.107796
0 0.307383 0.898941 0.153020 0.109721
0 0.504698 0.897979 0.161074 0.109721
0 0.712752 0.897979 0.155705 0.111646
0 0.911409 0.898941 0.158389 0.111646
