0 0.089109 0.174699 0.168317 0.148594
0 0.292079 0.176707 0.168317 0.152610
0 0.495050 0.178715 0.178218 0.148594
0 0.698020 0.182731 0.188119 0.148594
0 0.091584 0.407631 0.173267 0.148594
0 0.487624 0.413655 0.163366 0.152610
0 0.700495 0.415663 0.193069 0.164659
0 0.099010 0.664659 0.188119 0.140562
0 0.311881 0.664659 0.198020 0.140562
0 0.514851 0.666667 0.168317 0.136546
0 0.702970 0.668675 0.178218 0.140562
0 0.898515 0.666667 0.183168 0.128514
0 0.094059 0.863454 0.168317 0.160643
0 0.294554 0.891566 0.183168 0.208835
0 0.492574 0.867470 0.193069 0.152610
0 0.705446 0.869478 0.193069 0.156627
0 0.903465 0.871486 0.183168 0.160643
