0 0.150000 0.134109 0.208333 0.137984
0 0.485417 0.134109 0.220833 0.131783
0 0.835417 0.131783 0.204167 0.130233
0 0.153125 0.277519 0.214583 0.127132
0 0.487500 0.275194 0.220833 0.131783
0 0.836458 0.276744 0.193750 0.128682
0 0.836458 0.420930 0.172917 0.137984
0 0.831250 0.572868 0.183333 0.131783
0 0.832292 0.719380 0.202083 0.142636
0 0.831250 0.895349 0.175000 0.178295
0 0.489583 0.900775 0.162500 0.142636
0 0.487500 0.573643 0.200000 0.142636
0 0.152083 0.570543 0.195833 0.139535
0 0.493750 0.720930 0.200000 0.136434
0 0.154167 0.723256 0.195833 0.141085
0 0.156250 0.893023 0.204167 0.182946
